maxlen=[600]
cnn_layers=[2]--[conv_width=[7]
uselsem=[1]--[lstm_size=[16]
densensize=[128]
batch_s=[32]
drop_o=[0.3]
0.8294573643410853,0.811096432753569,0.8504531715631017,0.8611500695223351,0.7974504243644118,0.6600734032530844,0.8353741493757231,0.9021560338354079,0.8767589184529786
0.8146582100070472,0.7781211367255122,0.8631147533908895,0.8828891999418729,0.7457507076871454,0.6349066641747682,0.8272010509766095,0.8993343471506503,0.885489786518318
0.8326286116983791,0.808966861072796,0.8606620470664649,0.873071528139501,0.791784701988821,0.6672383030263116,0.8397976388398659,0.9107077583843552,0.8961021835758857
0.803030303030303,0.733692721976446,0.9338758891822219,0.9544179516448681,0.6501416425990498,0.6352834094003087,0.829625114041565,0.9089600657954857,0.8986508126339434
0.8304547056750088,0.8146666661235555,0.8481675386326345,0.8575438590473375,0.8031161467400026,0.6617462135166682,0.8355555552698956,0.9040654043039611,0.8869847741066397
0.8150105708245243,0.8050101551760256,0.8258633351757065,0.8338008409300134,0.7960339937705141,0.630353949747476,0.8191526004756623,0.9036678202066836,0.8884573630936097
0.817477096546864,0.7866161611195605,0.8564593294605587,0.873772790411099,0.7606232289230713,0.6387210133100107,0.8279069764691339,0.8957006464327009,0.8822878545677866
0.8269908386187456,0.7901924265734372,0.8753056227585121,0.8927068717442448,0.7606232289230713,0.6593860091973007,0.8383272963983117,0.905843123855234,0.8878771102656675
0.8291050035236082,0.7749853882086584,0.9112688545596549,0.9298737721389384,0.727337109966475,0.6715755786715059,0.8453936879676782,0.9107549396278741,0.8985230383825276
0.8315121607331688,0.7976115645520983,0.8747993572433391,0.8905263151645428,0.771954673674253,0.6674274896658544,0.8415119360605067,0.9028850454748769,0.8893879818450243
0.795630725863284,0.7293926243333011,0.9185110654743349,0.9431977552993003,0.6466005661143055,0.6181686745455212,0.8226299691673915,0.9012585969192138,0.8828699111085215
0.8192389006342494,0.7872876017701147,0.8598879096398014,0.877279101769089,0.7606232289230713,0.642522193077296,0.829850745993416,0.9005178513959687,0.8872444971907641
0.8217054263565892,0.8267045448673973,0.8167832162120396,0.8162692841400635,0.8271954668362638,0.6434762570829985,0.8214537752923593,0.9003914553278053,0.8838754767520149
0.8368569415081043,0.8100450735286251,0.8692606997126375,0.8821879376702749,0.7910764866918721,0.676278353929914,0.8445787174069894,0.912830417698032,0.9030991593683926
0.8216425801903419,0.8061292466314928,0.8390718556593773,0.8491228064216682,0.7939093478796675,0.6441157165135113,0.8270676688902708,0.901866706426122,0.8945458940002142
0.8220577871740662,0.7809640019640244,0.8782318591507656,0.8976157076454307,0.7457507076871454,0.6512330456203569,0.8352365413261871,0.8989054944792979,0.880483647289878
0.8058491895701198,0.7530364368114306,0.8881875555561879,0.9130434776205866,0.6975920674946231,0.625742889374155,0.825356576600521,0.8971702180071437,0.8792937160950893
0.8315715292459479,0.7824791413692019,0.9025862061184601,0.9207573626081644,0.7415014159054522,0.6735655438448035,0.846005154366622,0.913078243387673,0.8976293324842045
0.8442565186751233,0.8182406204280461,0.8753869962264805,0.8870967735714608,0.800991500849156,0.6908523948639005,0.8512785999827461,0.9166078970475467,0.904598033003019
0.8315121607331688,0.809679528574441,0.8570336384885063,0.8687719292148969,0.7939093478796675,0.6646941661930386,0.8381855108875472,0.9034814373043089,0.8875549396135438
0.8217054263565892,0.7808302803535834,0.8774999992687499,0.8969144453738327,0.7457507076871454,0.6504505603470673,0.834856396594368,0.8967098283993342,0.874405726112539
0.8143058491895702,0.7857596943510745,0.8498023708697213,0.866760167695119,0.7613314442200202,0.6318157986952633,0.8242747579779011,0.8943110346499052,0.8813843765930633
0.8315715292459479,0.7821428566772959,0.9032815190817948,0.9214586248797625,0.7407932006085033,0.6737384846567438,0.8461043139581119,0.9112351950224284,0.8958598187191127
0.8312191684284708,0.7972379153815204,0.8746987944781535,0.8906030849294507,0.7712464583773041,0.6668740556762749,0.8413381911754428,0.9120203902435149,0.8986550298282829
0.8339795558688756,0.83926031234761,0.8287910546269803,0.8280701748574946,0.8399433421813431,0.668032442914338,0.8336276931000962,0.9083599224690622,0.8904392465061152
acc=82.37% (+/- 1.11%)
precision=79.16% (+/- 2.55%)
npv=86.96% (+/- 2.84%)
sensitivity=88.44% (+/- 3.36%)
specificity=76.25% (+/- 4.59%)
mcc=65.39% (+/- 1.83%)
f1=83.45% (+/- 0.86%)
roc_auc=90.45% (+/- 0.61%)
roc_pr=88.93% (+/- 0.81%)
start: 2020-03-25-13:12:59
end: 2020-03-25-14:25:00